
8 0.10523605346679688
9 0.10105466842651367
10 0.10396814346313477
11 0.10870099067687988
12 0.2927391529083252
13 0.1153099536895752
14 0.3155806064605713
15 0.4347858428955078
16 1.234264850616455
17 0.47867393493652344
18 0.6008532047271729
19 1.5580275058746338
20 0.49819087982177734
21 0.5105478763580322
22 1.0288400650024414
23 0.668489933013916
24 1.2216782569885254
25 0.838742733001709
26 0.4362151622772217
27 1.305177927017212
28 1.3314533233642578
29 3.15478515625
30 1.5408058166503906
31 1.4251844882965088
32 0.9666130542755127
33 0.9859111309051514
34 1.0042078495025635
35 0.876089334487915
36 0.8881821632385254
37 0.71573805809021
38 1.4327914714813232
39 1.470487117767334
40 2.5907442569732666
41 2.660442352294922
42 1.5419230461120605
43 1.567685842514038
44 1.1963846683502197
45 0.8232014179229736
46 1.4642062187194824
47 1.9029240608215332
48 1.077711820602417
49 1.099740982055664
50 2.8366012573242188
51 2.235595464706421
52 2.6885480880737305
53 1.3804454803466797
54 2.0727503299713135
55 1.205604076385498
56 1.6840109825134277
57 4.8409342765808105
58 1.2439329624176025
59 2.9535791873931885
60 2.2808620929718018
61 2.040576457977295
62 1.5407774448394775
63 2.5972118377685547
64 1.6028494834899902
65 2.6786203384399414
66 2.987090587615967
67 3.5246829986572266
68 8.767864227294922
69 3.3748114109039307
70 1.4377338886260986
71 5.73090934753418
72 1.7470672130584717
73 4.658199310302734
74 2.0707621574401855
75 2.0988962650299072
76 2.4148166179656982
77 9.036937952041626
78 2.4779160022735596
79 2.8270514011383057
80 3.7647247314453125
81 11.108978509902954
82 2.2531518936157227
83 3.2541446685791016
84 3.5835182666778564
85 3.3260183334350586
86 13.195077419281006
87 2.0375304222106934
88 2.702134132385254
89 4.447948694229126
90 2.4659461975097656
91 3.1671085357666016
92 4.213758230209351
93 3.8869404792785645
94 3.6059744358062744
95 2.561326265335083
96 5.8852784633636475
97 3.3335001468658447
98 8.492194890975952
99 6.685879230499268
100 5.287039518356323
